4
01020412060810070515160911130314
03100605160113020807111412150904
11070916041505140313011206020810
08131514120311090206041001050716
04030501090206080716121110141513
06091115051007121402081303041601
12140813011103161004051507090602
10160207131404150109030605081112
07081310110412010614090302160515
14040109020716031105150813101206
15061611081309050412100214030107
05120302140615101301071608110409
02010704030908061510140516121311
09111003071201131608020415061405
13051408151602041211060109071003
16151206100514110903130704010208
